1242460
3446878
2371436
9072669
7790811
4150563
5886985
4431252
886629
4446380
1815258
289735
4113307
4946696
2365411
753052
2433167
2414201
6728719
2915095
6481429
6677285
9083165
1170731
1047614
6667460
21961
1731657
8322792
9053545
3176773
3268966
4267459
3357255
1961340
1378926
122033
2158395
4996376
793761
293431
135041
399022
1893094
2291637
1015592
1264833
233673
489720
1125653
1690400
2552213
2261987
2247412
141642
4975457
730764
2335160
121396
2114659
140182
904928
4844010
339537
2739582
5117065
2699014
1316002
2103071
2760652
1859959
383944
4283639
273192
280243
307305
7677275
949098
1123855
319279
319426
6918414
916978
145270
330334
1651487
4983258
3394757
2069662
576988
320052
1141504
231767
1814400
374239
2277352
1411943
1703640
6824983
2709821
1098549
766335
2182082
7906187
279561
1122612
62567
725782
252703
114214
136097
1436703
1276764
1198512
6148619
8948
5447494
3687109
6632312
4378384
168409
2130016
1478908
1227121
749796
5278122
1233655
3322318
295670
2214651
1518522
873790
6683690
604802
516039
4693120
1092531
1261875
1854
1805480
2005878
1623039
101268
1456269
629696
1059559
301493
1767513
312695
2213531
49307
6720574
2245903
555009
1318935
6610606
5104366
494594
9023078
1927660
4513192
2111765
522730
1401721
7163406
1089936
1247863
1705077
744626
379906
931699
1883980
1061590
3829457
1280667
5158160
2425543
8472318
1060279
2186525
1272309
2068372
352076
1524126
960557
134834
245792
1508464
2211990
4099042
6687296
4456700
1549509
225598
1308607
575117
4230497
425604
5745881
1916218
1906926
4167009
1933564
6348499
1867357
1750343
31875
3601934
578379
1087255
366682
757022
890171
3840843
440063
1801459
592931
7538552
3955903
20063
6514274
5902653
4170054
4882428
1995890
5436983
986006
530530
877295
1257413
2925174
4501636
38056
1325673
5874558
433669
1829116
8792440
2380527
8420705
6429108
6590285
354883
316866
4295799
2130202
2451776
7218643
1306631
1635827
2621549
6940500
2510755
5307561
59825
8895074
3486257
1042900
4878881
2893500
438401
7520031
165883
1398164
5106228
8281455
183480
805066
8609153
1663995
2036236
2112952
6071050
1617494
8046142
129144
181530
2429692
384076
862388
396856
1118183
3739817
107405
192109
7961363
664118
382603
6780952
552058
3242637
2319019
1919372
8932123
1467898
4772374
4158117
3394835
1093598
5581956
5431613
6353049
4953112
5826697
5186839
529424
249785
7154739
5983339
331767
3225894
5190507
4742287
1929274
5864271
628162
9012503
2937353
7531945
1165352
4557223
8369029
7173008
8687018
1919096
8625351
2439986
1688863
1301149
304655
8843640
192649
534855
641420
2101961
924700
1756096
2187135
2640806
1279805
1097908
1714027
2264889
2503444
7175020
4362338
8361891
2815162
3525359
1611797
1099305
2267362
2544972
5082452
6011759
788084
6525314
1384406
4360066
4514803
809859
1958219
2114540
447086
8873368
406121
5941699
90052
4641141
2076838
6770002
4417316
111234
1338714
338101
118143
3978890
4140798
8644741
423483
4082772
8251876
3675318
938426
4342053
2006190
563384
1641470
7186518
493973
1141101
4842613
5664494
132988
146607
4208619
5008921
597476
3496634
763944
3106480
8626835
6392773
203859
2912654
992076
6074018
311588
517970
5340953
133886
3754620
8744113
328107
1166118
5010631
907324
4295467
2213334
1624883
5695208
141545
598398
88613
767912
419163
359903
1806278
4630765
196876
4121790
3335268
2802711
4997831
8236892
867936
224026
3986353
6391645
7974959
4482901
2222859
972
6971819
8682848
447107
100003
4558326
1477144
1303047
4209781
289978
1504717
2276689
604721
2711289
297345
1618965
3207572
746774
7136432
191644
5877218
4472901
2234303
6722985
174890
477096
6486877
1531402
1477545
454648
327002
1880404
108523
882215
505559
4664306
3432506
4740172
1531501
1216395
13857
370357
4743573
2310432
5119457
6260777
2710940
3857052
922774
3452832
419379
1735561
5066315
494881
705811
1859864
436198
1419470
5172668
265960
514038
911905
1865262
1554546
699285
869778
4628333
2188754
969093
392349
262460
1538342
3185669
591200
25665
4028313
328964
6780547
6887095
452104
500328
148853
3972872
653509
1369287
663171
4995733
7273293
1076718
4810160
320232
127055
2682745
35988
323750
1591319
356718
566746
2255177
6090417
661603
1730649
4139508
1835756
4296678
380870
3755136
3744382
967443
2540567
6006645
4970426
2367119
944592
701466
6451514
2838889
1952464
713847
212358
3173320
8091248
8692
5943425
109087
716477
107705
5585875
639792
3315365
6629876
706721
7463233
908258
451963
68645
2537726
497426
956585
8146386
571850
1024847
1784973
2239737
1832528
818828
1315559
550632
5655708
8811386
1897623
612372
36901
976395
8552165
691946
3490738
61605
4045403
2375794
1149253
3875596
4670350
1995418
6343330
377017
2189800
934509
813882
6388187
125034
4111711
1191374
1607612
2070643
3231894
749070
779675
8625908
64141
742708
431910
1868857
8293970
2315032
6367051
178199
3264271
604622
4290399
9048810
7456807
327223
7586221
496814
1419442
1254013
7402573
110803
8900288
717506
1528932
140758
357997
2461702
2320210
895371
1342953
449560
147713
626697
5251429
865741
1005972
1169725
7065761
1812115
72852
244438
910930
6697113
1068812
156873
2053937
1782586
837606
301134
3299213
136168
4051261
1993689
4373741
8386016
3643725
694002
5357171
474275
220525
4576987
3460162
739241
4011855
1538589
6878418
6228375
375427
1842608
8904271
956867
6063755
913589
545419
923111
2081836
553784
2439968
175544
4214224
5061630
2677713
1469679
1639976
1253528
301924
367155
2627822
4311082
364655
984216
2759067
5454322
1538935
1851384
2337700
640001
1168517
3795032
3423361
50394
4844399
127606
346467
704526
8370072
260056
2925306
550009
1145722
2228966
1120707
2170228
3864517
6789649
1819124
5774099
2584595
5432121
6814727
1595492
38238
1240229
172306
3497371
363944
1663133
4349056
2148700
2136760
2730228
136739
8466726
102535
1006169
943242
3357693
1305532
341184
393637
6376886
1199053
7799610
1731025
9072847
8779068
200599
2489435
6990099
4567692
1381845
7039809
4971368
1185199
4785671
7282054
3738381
7957846
1904170
7548546
7322028
575196
4180095
5160965
237876
36932
4220601
3038661
241327
1732452
2175080
8847257
5805914
1209800
1233546
682367
373335
2565249
5938309
3393431
1395603
418915
695040
156330
6022764
1913906
1369697
1639174
347109
7741662
798442
3684484
4239330
6796722
691148
2052111
4047511
542929
4482050
4869391
53428
3959021
1408818
471946
4963784
2770038
5161164
342434
973106
4738908
56229
3994010
4655591
2581817
420792
8914663
5859539
459668
2401185
769775
396421
492519
671323
827557
2879055
613471
2466401
5916270
9043791
1583148
3145897
1327362
4270167
1695452
4542581
2161752
893417
538666
848537
2395160
2870292
4865195
603641
576967
6947214
5835609
7045920
1566314
105095
1685330
1727564
8365714
764412
284043
189087
751457
138250
163009
8545492
2250633
6889726
446052
3282823
8286554
8783148
1235618
1983401
642762
350799
396913
5725843
7662383
1106223
2418570
1063319
7407934
4680525
1630320
120951
2154249
5824530
2081586
1218922
2461141
6589586
653368
1611019
4296249
5802020
2054422
501719
4579908
2396938
8699001
499345
368545
2036772
1863724
2274503
2897297
1823293
184187
987217
3468101
108822
552423
2047814
3718657
1456617
4585255
6265664
2259427
585529
1756992
4266741
6710834
5636419
230751
4018953
8780797
2612720
1494708
6239967
211695
5734438
2084832
1534504
8723808
2553354
1927719
567251
1057934
4027586
1556232
8037455
1239035
2162975
2429560
3073720
1936190
146557
1396564
405540
6482207
8483881
1297873
4228757
4542768
305359
60208
98135
2326797
1643643
69645
8997279
63086
2059564
1394475
4163070
455580
8416333
402504
492716
1866343
8168194
8417869
287871
2212933
7495886
1721351
269676
39086
2321939
6340351
7131457
5292226
4042407
1831218
216119
55391
5828123
446782
8995530
3432830
853023
8337069
5633282
1596390
996004
238102
227461
458436
1854058
5249348
1717393
3212938
991350
2200026
1645673
8725156
843277
4940032
1483108
1971911
7504569
1942298
588052
454456
8744391
5524990
1635027
561486
2584885
4981444
5187664
1999727
4435169
455612
4627033
743248
3105353
7181757
1878167
7139756
5185060
1856014
5699417
904170
5790860
112698
1699108
5338338
88259
122277
4510709
465795
1488372
5434891
3305287
100732
286061
823561
7735045
1269795
1632902
2569326
842245
2485521
1032281
1045151
598157
2438473
3785294
4424397
382466
1087227
2028164
295438
5407969
1349367
402217
408866
3276230
1363413
2785755
560283
1709283
4570106
3893885
636561
704203
3643065
138552
3008992
617202
481862
2243655
3277239
2311376
223866
977458
4976964
5757094
3953749
1752107
418497
556730
378927
5916097
3880037
4130922
6880069
3382552
87317
845058
2374201
1210458
6669632
7539959
22617
5807952
7679624
7167008
83756
743164
1322068
7178404
7896935
493174
2633942
3767210
765797
118096
5820779
6609982
3844801
952110
1907538
1708103
1577538
6130768
51658
356090
3481378
51553
4026359
3886641
1482967
159137
938429
8434838
8310039
5080756
536148
2233388
3817748
2748780
8627012
6434482
3752618
4225921
3380654
1356348
6981717
642763
5636986
89909
6679641
3742580
8110285
214059
1583364
2319697
7699912
2028723
4303492
1603109
3367315
8431917
5710142
7361447
3879534
38987
903818
467985
877059
6709693
3678869
464342
7529376
5970296
4251732
7331700
2016006
1046150
8895864
1988484
3154743
1136106
5877717
4088265
3837426
4795772
448034
8730119
1547196
132058
1806143
4114740
4026080
4173904
8246484
3458950
2173238
4039879
1817144
8749158
1131599
7287654
1397537
4194534
5348327
409370
8810765
997322
1319254
6745555
6964392
8429759
6149370
4703390
2240303
5703612
850566
1803302
433162
557199
1024435
4653715
4975811
2247140
1864422
3683116
3848239
8875214
4329453
6230701
1489372
984526
5393150
1912434
7206610
8720589
4077896
5093075
5653118
5861745
3492216
1518659
3997316
1731102
1517862
2172420
4528192
685758
5164106
3132468
3687682
3804727
1534542
1673729
1977467
2073235
3685195
1272315
3009832
58711
3130352
558216
8947327
2434689
2776125
1803710
1908410
2042918
2843053
321795
157039
3350951
1307016
2667866
2184336
1174984
932069
525272
1229146
1425493
639962
5215268
1899412
599280
5628055
519633
624926
3018758
4726949
5089770
5139249
8269722
232435
7175736
3204245
6436170
2058339
3472884
1012490
4864361
2305115
757532
3962846
7365372
6359734
1668491
7911504
5542257
3938801
234512
2191202
275174
295135
1528016
875771
558105
2247205
2768628
5846818
3710263
5237693
2024566
1515412
638893
8828672
749049
3655430
4044353
2048779
2580497
2669059
1180240
1549412
237079
482146
3490173
1186789
836387
3814843
605013
603856
3094498
4779790
434287
5700300
1046628
219547
421206
683542
1222508
1801668
4197805
788411
1389180
456001
1320671
1409821
2055738
7244369
6694338
863935
8319970
3503861
2164391
3049101
842696
512893
609830
483072
1922426
6945074
6831539
2083987
182197
5032626
3989016
463963
4118526
1920145
6892472
1522386
464864
7070526
2392929
6197409
4766157
7364076
1420705
3744048
8366276
6486886
5443271
4678132
1813921
842856
2559083
3232953
2936834
7172933
1620940
8883268
1688712
8810122
1665667
1919044
3697763
8530210
2495046
3429510
489999
2818490
807863
4370660
1790520
312443
3372332
4752866
2116286
7054700
1910744
3889038
2169838
7648878
1501118
652291
5360220
8291021
5637963
7937042
3248395
3356460
1575936
1871524
291740
1975856
2287962
994732
1916928
1983902
8360710
1416646
3803673
2798956
8670060
1464028
3672599
392160
311763
3077794
4140619
4265988
8837982
5037187
7846000
3404686
5435367
1050773
749359
260273
622982
1048658
3761124
1056151
613183
6749106
157424
4156392
3368613
1648956
1846833
408855
635483
3491877
1199350
4127805
4191171
996183
1557571
4720411
6961750
128573
1684099
3899454
990758
9040669
2072875
1158128
526255
699325
8087313
4667434
744256
5672363
6769315
6182693
1960516
8721514
2485669
2271199
8386972
929887
1764464
6352851
6083006
627772
1353715
1651154
3723302
8924143
665942
8474745
2727809
1648537
7231204
1766669
5800924
1067060
4777154
7088009
6416432
4241832
2409472
254350
912526
4039374
4591125
2034517
6548228
4485942
472575
802578
667508
1405883
6924520
8461802
1411417
682504
7111068
457408
1914236
1111869
1775459
5836177
5184117
207981
3324306
1349311
2017101
1020453
2048098
8525765
1619818
6335839
6346492
1351669
5899185
2420412
2329417
5366513
880160
8600161
6053974
888834
985309
3284289
8404152
3253383
372365
1447287
4485550
3999007
1939015
8606130
3369304
546321
2174015
2266646
6626351
2195179
2111759
1292189
4508028
7863471
942328
4619367
306130
2146383
74430
2558056
1928718
1057252
4145451
1596963
2222189
1823058
2803923
2563329
582723
2250403
3774247
5079790
1759320
53997
631463
2244270
4250342
1317410
3608411
2522152
4264229
7788170
4563552
8170562
2040998
53786
3416342
4204807
661017
2018282
5043815
1480406
5926114
1872016
4948509
1474646
5888213
1009860
2632520
4290081
7577732
1628949
4208204
3053680
9082099
7323906
5233536
3282785
606448
1503072
1494372
1319763
3949226
1987119
3349156
456084
1380860
3775413
855759
6304040
357785
258119
5983265
4843237
7908800
1387644
1580792
805393
7902658
4009899
1911273
9055248
2351525
2690723
317413
9070875
1657299
5698267
3459423
3331591
1183716
2731022
5273026
1274875
2116662
118643
3956278
8732418
6790915
4107740
1486558
3356038
5827000
1119722
3040904
553303
112532
1207457
6839542
2113118
4094382
5166842
3182964
3528545
964459
3249524
3927166
3914454
2928886
4008380
5079609
1181464
5202362
3719631
129507
2649751
603852
1592565
432842
104420
1451304
7781792
3861674
4161332
1033519
760753
2194163
614458
269795
6943182
7669938
122327
3873361
3368969
701802
4581646
123198
79797
348630
3262473
82831
140439
2789460
1373164
2058802
4088145
2739051
1877999
2447353
2476748
38601
3847386
898669
598817
292095
3780468
8913639
4128144
1142068
5789740
739654
2335989
67631
1728330
4492559
5337070
166506
1296501
2217488
3964681
185936
575925
4000137
4502429
1093322
953561
7775106
266648
1088336
5480694
4397859
5767987
3946898
5193501
3992192
3594740
964993
1034846
2280334
579687
5953949
1620889
1256099
4766556
5344191
4587553
2798766
189943
160889
4928419
3278263
2489273
2104796
1292630
6098250
8318167
8331750
128259
264575
1273041
969709
6687363
6618002
1412529
894157
4169828
7169348
412951
5613766
4467470
2230677
1966591
4608968
2903878
1927544
3460161
6753849
1335392
3066970
5252519
4986145
2133571
2090303
1726925
189645
8447947
1129704
2600191
819355
1023719
147507
6432499
2859674
8013071
5094083
493367
4173225
3729419
4540791
125222
6963236
8443286
1126930
8667326
2484156
8664708
8949661
89178
7602174
2369440
1485660
2897067
6877249
1621906
1019756
1897960
744127
6689536
2035423
6518291
7794208
8855212
1322380
4405349
264154
7216993
1055410
8622493
407587
1175208
6419711
4618298
2344212
7614039
1687344
6325775
4732827
616645
5876989
3783626
1219548
1162592
953914
675161
579511
900420
715234
2490334
404346
715417
2208828
699468
659865
910169
4632706
574068
3114252
1110153
1689032
567222
3114924
4445948
1821471
1041639
8324620
4374006
1665789
1241703
671572
2009402
4961017
8991506
3287651
43775
214881
5949180
1361740
3045246
7379596
2701063
3266180
1569049
3354313
509211
4142406
5236364
37479
3985563
8231388
2268532
3704918
2305729
4496424
4611589
800248
92533
4103773
1892324
5817067
3394687
2782516
8653516
401025
5951961
869975
3165300
7844187
3364106
94935
1586147
1613249
236859
198692
2092380
1815760
4828080
641469
458209
4846359
56011
1513436
1591920
1885868
6039103
423379
2539116
1626326
2639915
7086368
596886
918359
4599835
5790943
1642357
1745333
6462272
1041348
3109289
1540519
793646
454002
5956783
2480808
2119761
4006850
8773654
6760685
4590407
2299696
4866587
1158076
128478
1499811
3957856
5450055
3738269
3301395
7460836
1661262
4189766
3559548
1163113
2978138
2631053
1724675
3479736
4661818
242295
3031582
1841737
