101268
231767
2573135
3684484
550632
101754
100003
5928061
36932
739654
82831
56011
136097
287871
423379
110259
38987
986006
26595
4087919
68645
273192
6964392
312443
230751
613183
895371
4502656
1436703
6074018
510972
36901
379906
132058
52652
682367
487224
72852
455580
682504
600268
1952464
85451
845058
177799
323972
120656
60208
522563
2068372
225598
713847
1099305
55056
38238
38601
184742
237079
114214
1098549
123198
88259
193161
118643
452104
53428
54867
489720
44834
384076
501719
48458
509211
98245
31875
70528
375427
7020417
1428872
735975
106896
8692
306313
573618
118370
4900747
523356
111945
3216706
42950
327002
1024435
58968
2264974
972
1305532
238081
419235
104420
35470
154443
25665
406121
1118183
291945
1942298
111234
209470
98135
287085
301924
112698
4198804
2657627
6931880
192109
3815359
222877
2119761
1247486
749796
233673
128478
370357
432842
433162
22676
1020453
452969
1097908
265960
19151
57117
519671
1301346
372042
374239
1531501
641420
472000
2569326
172306
1131220
348630
434287
295135
663171
2858603
132988
868690
446052
843277
100732
4661818
32404
765396
1017621
1112343
674304
92928
332289
135041
16861
1175208
944592
182197
373335
1180411
61517
275174
252417
1272138
107405
401277
574068
1623039
2081586
3394835
3857052
1015581
1465036
166506
105095
642763
1653970
6999522
716477
189751
383944
61605
354883
1059559
1586147
753640
176918
2710940
136168
768634
108822
201461
31340
2339371
67631
212358
269795
102535
1896918
350799
189555
6387631
607186
218616
635483
715417
1456269
1753897
377017
101742
264154
699468
616645
141545
978643
2731022
1854
456884
622982
2552213
449560
163542
6200910
128573
684171
681953
988228
3829457
818828
475871
419163
311775
1396564
2812471
3603858
4962606
1392433
62567
380870
3775413
606448
576988
400739
529424
79797
39086
181530
13857
691946
855759
1191374
3039889
48211
189645
125703
947810
1009860
342434
1602934
1657299
8948
1006289
788084
